2 0.48961482558139535 0.7639941406249999 0.5605668604651164 0.016171875000000058
1 0.43577034883720933 0.425986328125 0.48805232558139533 0.017714843749999987
1 0.4368095930232558 0.44449218749999997 0.4868459302325581 0.017714843750000042
1 0.43914970930232555 0.4625390625 0.48420058139534883 0.017714843749999987
1 0.4390406976744186 0.4800048828125 0.48616279069767443 0.017705078124999996
1 0.4459229651162791 0.5777490234375 0.4934447674418605 0.03627929687500009
1 0.4406395348837209 0.51373046875 0.4897093023255814 0.017714843749999987
1 0.4399418604651163 0.49626953125 0.4862790697674418 0.017714843749999987
1 0.448640988372093 0.6157373046875001 0.4967005813953488 0.03579101562499998
1 0.45165697674418603 0.644150390625 0.5007558139534883 0.018593749999999964
1 0.45384447674418604 0.6634130859375 0.5015843023255815 0.017705078124999996
1 0.4566206395348837 0.69306640625 0.5034447674418605 0.03691406250000007
1 0.4289970930232558 0.332158203125 0.49505813953488376 0.017714843749999987
0 0.4986773255813954 0.148701171875 0.4437209302325582 0.027285156249999998
1 0.4429941860465116 0.5315966796875 0.49343023255813956 0.017705078124999996
1 0.44353197674418604 0.5496386718749999 0.49343023255813956 0.017714843749999987
1 0.43048691860465116 0.351298828125 0.4950436046511628 0.017714843749999987
1 0.431875 0.37093750000000003 0.4926453488372094 0.017714843750000042
1 0.4338372093023256 0.3893359375 0.4926453488372093 0.017714843749999987
3 0.3475218023255814 0.8665283203125 0.2582703488372093 0.016552734374999933
1 0.4348037790697674 0.40828125 0.49140988372093025 0.017714843749999987
