1 0.3891777777777778 0.4134083333333334 0.37837777777777776 0.01576666666666668
0 0.38496111111111114 0.24074166666666666 0.1455 0.020300000000000012
2 0.38593888888888894 0.6346375000000001 0.37050000000000005 0.013558333333333413
1 0.38967777777777785 0.43011666666666665 0.3783777777777778 0.01576666666666668
1 0.38807777777777774 0.39692083333333333 0.37837777777777776 0.015324999999999988
1 0.38651111111111114 0.3797 0.37837777777777776 0.01576666666666668
1 0.39053333333333334 0.44674583333333334 0.37837777777777776 0.01577499999999996
1 0.39111111111111113 0.4634916666666667 0.37837777777777776 0.014016666666666708
1 0.39269444444444446 0.4803375 0.37836666666666674 0.013658333333333323
1 0.39334444444444444 0.4964708333333334 0.37837777777777776 0.014058333333333338
1 0.3928500000000001 0.5128208333333333 0.3800111111111112 0.01385833333333333
3 0.5151222222222223 0.794875 0.1436 0.013583333333333296
1 0.3946111111111111 0.5820708333333332 0.38562222222222214 0.011541666666666686
1 0.3958833333333333 0.6090083333333333 0.38605555555555554 0.03211666666666673
1 0.3933277777777778 0.5299666666666667 0.3801222222222222 0.01294999999999997
1 0.3938666666666667 0.5478791666666666 0.3825333333333333 0.012674999999999936
1 0.3940222222222222 0.5644083333333333 0.3850666666666666 0.012516666666666652
