1 0.4830064308681672 0.63169921875 0.6367524115755626 0.019127604166666663
1 0.4944774919614148 0.3722005208333334 0.5584083601286174 0.017213541666666627
0 0.49860932475884245 0.18155598958333333 0.2495659163987138 0.09782552083333333
1 0.4941318327974277 0.347421875 0.5540514469453376 0.017213541666666703
1 0.4930466237942122 0.39886718750000005 0.5655144694533762 0.017213541666666627
1 0.4918247588424437 0.42509114583333335 0.5743247588424437 0.017213541666666627
1 0.4914871382636656 0.4526171875 0.5813665594855306 0.017213541666666703
1 0.4894131832797427 0.4805598958333333 0.5897588424437299 0.017213541666666703
1 0.4884324758842444 0.5093684895833334 0.5980868167202572 0.017200520833333382
1 0.4857315112540193 0.5693489583333333 0.6177652733118971 0.017213541666666703
