1 0.45883333333333337 0.21003645833333331 0.4120277777777777 0.019302083333333334
1 0.4524027777777778 0.3862239583333333 0.40894444444444444 0.015260416666666702
1 0.4508194444444445 0.4303697916666666 0.4078611111111111 0.014947916666666632
1 0.44936111111111116 0.459625 0.40786111111111106 0.014958333333333348
1 0.4504444444444444 0.41606770833333334 0.40786111111111106 0.014947916666666691
1 0.4515486111111111 0.4011197916666667 0.40884722222222225 0.014364583333333354
1 0.4452152777777778 0.5598385416666666 0.41293055555555547 0.016031249999999986
1 0.4443472222222222 0.5825312500000001 0.41475 0.029104166666666723
1 0.4431875 0.6046875 0.418125 0.017104166666666743
1 0.44219444444444445 0.6353958333333334 0.41927777777777775 0.016416666666666656
0 0.4548402777777778 0.12705729166666666 0.14459722222222224 0.025364583333333343
3 0.4299861111111112 0.8049270833333334 0.23855555555555558 0.01512499999999998
1 0.4500416666666666 0.444328125 0.4078611111111111 0.014947916666666691
1 0.4593055555555555 0.22398958333333333 0.4091666666666667 0.01931250000000002
1 0.4591527777777778 0.23874479166666665 0.4120277777777778 0.019302083333333334
1 0.4545 0.32775 0.4100833333333333 0.018666666666666682
1 0.4552569444444444 0.312765625 0.4092638888888889 0.01801041666666663
1 0.45560416666666664 0.29867187500000003 0.4092638888888889 0.019302083333333366
1 0.45749305555555553 0.26888541666666665 0.4105416666666667 0.01931249999999996
1 0.4583333333333333 0.2534635416666667 0.41027777777777774 0.019302083333333334
1 0.4460208333333333 0.5448489583333334 0.41129166666666667 0.014947916666666691
1 0.44726388888888885 0.5311875 0.40880555555555553 0.014958333333333348
1 0.4482361111111111 0.5021510416666667 0.40786111111111106 0.014947916666666691
1 0.44825000000000004 0.48793229166666663 0.40786111111111106 0.014947916666666632
1 0.44883333333333336 0.47344791666666663 0.40786111111111106 0.014958333333333348
1 0.4543263888888889 0.3426614583333334 0.40976388888888887 0.016760416666666642
1 0.4430069444444445 0.6201770833333333 0.4187638888888889 0.016812500000000105
1 0.4534513888888889 0.35722916666666665 0.40884722222222225 0.01616666666666665
1 0.4528819444444445 0.37122916666666667 0.40873611111111113 0.016500000000000032
2 0.54775 0.6816875000000001 0.16463888888888883 0.014541666666666586
1 0.4476527777777778 0.5164791666666667 0.40786111111111106 0.014958333333333348
