1 0.458963282937365 0.31068891280947253 0.7157667386609071 0.018686759956942963
1 0.5237257019438445 0.42179224973089346 0.6074082073434126 0.0186975242195909
0 0.4609719222462203 0.1101453175457481 0.48630669546436284 0.06679224973089343
3 0.27208423326133907 0.7494241119483316 0.3266306695464363 0.01828848223896664
1 0.47250539956803456 0.4917491926803014 0.722548596112311 0.018697524219590964
1 0.470280777537797 0.46844456404736273 0.7227645788336933 0.018697524219590964
1 0.4684665226781858 0.4458019375672766 0.7200863930885529 0.018686759956942904
1 0.4655507559395249 0.4006512378902045 0.7194384449244061 0.018697524219590964
1 0.46219222462203025 0.3676803013993542 0.7182505399568033 0.038805166846071056
1 0.4606479481641469 0.3332023681377826 0.7141252699784019 0.018697524219590964
1 0.45748380129589633 0.28869214208826693 0.7141036717062635 0.018697524219590964
2 0.48547516198704105 0.5584391819160387 0.6334989200863931 0.017997847147470367
