0 0.49920818505338077 0.146425 0.33645907473309616 0.05597
1 0.4677046263345196 0.8183199999999999 0.644661921708185 0.01382000000000005
1 0.4875978647686832 0.451875 0.5145195729537367 0.02614999999999998
3 0.48197508896797153 0.27994 0.47907473309608545 0.02208000000000004
1 0.48524911032028467 0.464665 0.5199288256227758 0.02675
1 0.48444839857651245 0.479085 0.5246975088967971 0.023990000000000008
1 0.48507117437722425 0.49327499999999996 0.5294661921708185 0.02255000000000001
1 0.4925177935943061 0.31066 0.4868861209964413 0.03171999999999997
1 0.489991103202847 0.410315 0.5034697508896798 0.02923000000000002
1 0.49182384341637014 0.32226499999999997 0.4868861209964413 0.031730000000000015
1 0.49090747330960854 0.338465 0.4875800711743772 0.03972999999999996
1 0.49124555160142347 0.36373500000000003 0.49330960854092526 0.04079000000000002
1 0.46870996441281143 0.8511949999999999 0.6424377224199288 0.014530000000000086
1 0.46903914590747336 0.86857 0.6387188612099644 0.015860000000000013
1 0.47599644128113877 0.75775 0.6270818505338078 0.0338599999999999
1 0.47823843416370104 0.731585 0.6206761565836298 0.01707000000000005
1 0.47945729537366544 0.7142650000000001 0.6151423487544485 0.014870000000000005
1 0.4817615658362989 0.6964349999999999 0.6072953736654804 0.014870000000000005
1 0.4909608540925266 0.38421500000000003 0.4990035587188612 0.03005000000000001
1 0.483202846975089 0.6795450000000001 0.6009252669039147 0.01579000000000008
1 0.48455516014234873 0.64517 0.5920996441281139 0.01593999999999994
1 0.48549822064056936 0.6285999999999999 0.5858007117437722 0.014879999999999996
1 0.4861654804270463 0.612635 0.5801601423487545 0.01550999999999999
1 0.4848131672597865 0.56801 0.5576690391459075 0.019379999999999994
1 0.4899555160142349 0.39679999999999993 0.5009074733096085 0.03004000000000002
2 0.5354448398576512 0.939385 0.4059786476868327 0.017430000000000063
1 0.48566725978647685 0.5428050000000001 0.5439323843416372 0.031169999999999958
1 0.48429715302491105 0.524885 0.5383096085409252 0.023170000000000072
1 0.4855516014234875 0.5889449999999999 0.5648042704626334 0.03231000000000006
1 0.4835053380782918 0.662265 0.5959786476868327 0.015329999999999927
1 0.48919039145907467 0.423625 0.506814946619217 0.030049999999999955
1 0.4845373665480427 0.506865 0.5340925266903914 0.022529999999999974
1 0.4685409252669039 0.834935 0.6424555160142349 0.014530000000000086
1 0.47121886120996437 0.79387 0.6420818505338078 0.0338599999999999
